                           Logit Regression Results                           
==============================================================================
Dep. Variable:                      y   No. Observations:                 2098
Model:                          Logit   Df Residuals:                     2040
Method:                           MLE   Df Model:                           57
Date:                Sat, 31 Jan 2026   Pseudo R-squ.:                  0.1183
Time:                        13:08:36   Log-Likelihood:                -736.65
converged:                       True   LL-Null:                       -835.48
Covariance Type:            nonrobust   LLR p-value:                 2.076e-17
================================================================================================
                                   coef    std err          z      P>|z|      [0.025      0.975]
------------------------------------------------------------------------------------------------
intercept                        0.6159      1.216      0.506      0.613      -1.768       2.999
age                              0.5162      0.079      6.554      0.000       0.362       0.671
week_norm                        3.5796      0.370      9.681      0.000       2.855       4.304
lag_judge                       -4.8063      0.756     -6.361      0.000      -6.287      -3.325
lag_fan                          0.3314      1.258      0.263      0.792      -2.134       2.796
ind_Athlete                      0.1584      0.215      0.735      0.462      -0.264       0.581
ind_Comedian                    -0.1572      0.442     -0.356      0.722      -1.024       0.709
ind_Entrepreneur                 0.5235      0.734      0.713      0.476      -0.915       1.962
ind_Model                        1.8009      0.386      4.670      0.000       1.045       2.557
ind_News Anchor                  0.3325      0.844      0.394      0.694      -1.323       1.988
ind_Other                       -0.1251      0.462     -0.271      0.786      -1.030       0.780
ind_Politician                  -0.3380      0.874     -0.387      0.699      -2.051       1.375
ind_Racing Driver               -0.6617      1.135     -0.583      0.560      -2.885       1.562
ind_Radio Personality            0.8905      0.761      1.170      0.242      -0.601       2.382
ind_Singer/Rapper                0.3139      0.227      1.383      0.167      -0.131       0.759
ind_Social Media Personality     0.6829      0.541      1.262      0.207      -0.378       1.744
ind_TV Personality               0.2004      0.228      0.877      0.380      -0.247       0.648
reg_Brazil                       0.3872      1.784      0.217      0.828      -3.110       3.884
reg_Canada                      -1.0347      0.968     -1.069      0.285      -2.931       0.862
reg_Chile                       -0.8610      1.378     -0.625      0.532      -3.562       1.840
reg_England                     -0.6288      0.923     -0.681      0.496      -2.437       1.180
reg_France                      -0.5546      1.375     -0.403      0.687      -3.250       2.140
reg_Italy                        0.5979      1.094      0.547      0.585      -1.546       2.741
reg_Other                       -0.1621      0.870     -0.186      0.852      -1.867       1.542
reg_United States               -0.3458      0.815     -0.424      0.671      -1.942       1.251
sea_2                           -0.0295      0.830     -0.036      0.972      -1.655       1.596
sea_3                            0.1090      0.877      0.124      0.901      -1.611       1.829
sea_4                           -0.5955      0.861     -0.692      0.489      -2.283       1.092
sea_5                           -0.0395      0.865     -0.046      0.964      -1.735       1.656
sea_6                            0.1530      0.859      0.178      0.859      -1.531       1.837
sea_7                           -0.3434      0.857     -0.401      0.689      -2.023       1.336
sea_8                           -0.2069      0.850     -0.243      0.808      -1.873       1.460
sea_9                           -0.2036      0.827     -0.246      0.806      -1.825       1.417
sea_10                          -0.3611      0.865     -0.417      0.676      -2.057       1.335
sea_11                          -0.2836      0.862     -0.329      0.742      -1.973       1.406
sea_12                          -0.4706      0.854     -0.551      0.582      -2.145       1.203
sea_13                          -0.1941      0.856     -0.227      0.821      -1.871       1.483
sea_14                          -0.0342      0.850     -0.040      0.968      -1.701       1.632
sea_15                           0.4516      0.858      0.526      0.599      -1.231       2.134
sea_16                          -0.1360      0.859     -0.158      0.874      -1.819       1.548
sea_17                          -0.1773      0.863     -0.205      0.837      -1.868       1.514
sea_18                           0.0905      0.873      0.104      0.917      -1.621       1.802
sea_19                          -0.4142      0.872     -0.475      0.635      -2.123       1.295
sea_20                          -0.4972      0.876     -0.568      0.570      -2.214       1.219
sea_21                          -0.1528      0.894     -0.171      0.864      -1.905       1.599
sea_22                          -0.4952      0.872     -0.568      0.570      -2.205       1.215
sea_23                          -0.4537      0.850     -0.534      0.593      -2.119       1.211
sea_24                          -0.2310      0.857     -0.270      0.787      -1.910       1.448
sea_25                           0.1987      0.845      0.235      0.814      -1.458       1.855
sea_26                           1.5298      0.913      1.675      0.094      -0.260       3.320
sea_27                          -0.4170      0.873     -0.478      0.633      -2.127       1.293
sea_28                          -0.4355      0.836     -0.521      0.603      -2.075       1.204
sea_29                          -0.4037      0.798     -0.506      0.613      -1.968       1.161
sea_30                           0.0733      0.792      0.092      0.926      -1.480       1.626
sea_31                          -0.3214      0.809     -0.397      0.691      -1.908       1.265
sea_32                          -0.8108      0.809     -1.003      0.316      -2.396       0.774
sea_33                           0.0358      0.827      0.043      0.966      -1.585       1.657
sea_34                          -0.1502      0.815     -0.184      0.854      -1.748       1.448
================================================================================================