                            OLS Regression Results                            
==============================================================================
Dep. Variable:                      y   R-squared:                       0.452
Model:                            OLS   Adj. R-squared:                  0.250
Method:                 Least Squares   F-statistic:                     2.238
Date:                Sat, 31 Jan 2026   Prob (F-statistic):           2.27e-08
Time:                        13:08:36   Log-Likelihood:                -1027.8
No. Observations:                 421   AIC:                             2284.
Df Residuals:                     307   BIC:                             2744.
Df Model:                         113                                         
Covariance Type:            nonrobust                                         
================================================================================================================
                                                   coef    std err          t      P>|t|      [0.025      0.975]
----------------------------------------------------------------------------------------------------------------
intercept                                        4.0976      3.091      1.326      0.186      -1.984      10.179
age                                              1.5149      0.216      7.001      0.000       1.089       1.941
ind_Athlete                                      0.5380      0.525      1.024      0.307      -0.496       1.572
ind_Comedian                                     1.0108      1.142      0.885      0.377      -1.237       3.258
ind_Entrepreneur                                -0.2353      1.821     -0.129      0.897      -3.818       3.347
ind_Model                                        3.2795      1.051      3.119      0.002       1.211       5.348
ind_News Anchor                                  1.0080      2.183      0.462      0.645      -3.288       5.304
ind_Other                                       -1.7112      1.172     -1.460      0.145      -4.018       0.595
ind_Politician                                   2.1233      2.061      1.030      0.304      -1.933       6.179
ind_Racing Driver                               -0.5542      1.911     -0.290      0.772      -4.315       3.207
ind_Radio Personality                            2.3496      1.901      1.236      0.217      -1.391       6.090
ind_Singer/Rapper                                0.2221      0.565      0.393      0.695      -0.890       1.334
ind_Social Media Personality                     0.4145      1.318      0.314      0.753      -2.179       3.008
ind_TV Personality                               0.0967      0.573      0.169      0.866      -1.032       1.225
reg_Canada                                      -4.6290      2.498     -1.853      0.065      -9.545       0.287
reg_Chile                                       -1.4603      3.311     -0.441      0.659      -7.975       5.055
reg_Czechoslovakia                              -0.5553      3.188     -0.174      0.862      -6.828       5.717
reg_England                                     -2.9339      2.422     -1.212      0.227      -7.699       1.831
reg_Italy                                        1.3702      3.003      0.456      0.648      -4.539       7.279
reg_Mexico                                      -0.3454      3.005     -0.115      0.909      -6.258       5.567
reg_Other                                       -3.4223      2.323     -1.473      0.142      -7.993       1.149
reg_United States                               -2.4750      2.177     -1.137      0.256      -6.758       1.808
pro_Alan Bersten (Rashad Jennings week 9)       -5.7610      3.732     -1.543      0.124     -13.105       1.583
pro_Alec Mazo                                    2.1847      2.113      1.034      0.302      -1.973       6.342
pro_Allison Holker                               0.8729      2.095      0.417      0.677      -3.249       4.995
pro_Andrea Hale                                  8.2327      3.930      2.095      0.037       0.500      15.966
pro_Anna Demidova                               -1.7042      3.660     -0.466      0.642      -8.906       5.498
pro_Anna Trebunskaya                             1.1914      1.692      0.704      0.482      -2.139       4.522
pro_Artem Chigvintsev                            0.2336      1.513      0.154      0.877      -2.744       3.211
pro_Ashly DelGrosso                              2.7835      2.271      1.226      0.221      -1.686       7.253
pro_Brandon Armstrong                            2.3351      1.634      1.429      0.154      -0.880       5.550
pro_Brian Fortuna                                9.6581      3.896      2.479      0.014       1.991      17.325
pro_Britt Stewart                                1.5286      1.811      0.844      0.399      -2.036       5.093
pro_Charlotte Jorgensen                         -0.8567      3.911     -0.219      0.827      -8.553       6.840
pro_Chelsie Hightower                            1.5168      1.849      0.820      0.413      -2.122       5.156
pro_Cheryl Burke                                -0.8815      1.417     -0.622      0.534      -3.669       1.906
pro_Corky Ballas                                -3.3596      2.882     -1.166      0.245      -9.031       2.312
pro_Damian Whitewood                            -1.3049      4.023     -0.324      0.746      -9.220       6.611
pro_Daniella Karagach                           -2.1621      1.880     -1.150      0.251      -5.861       1.536
pro_Daniella Karagach (Rumer Willis week 9)     -4.4366      3.732     -1.189      0.236     -11.781       2.908
pro_Derek Hough                                 -3.2759      1.520     -2.155      0.032      -6.267      -0.285
pro_Dmitry Chaplin                              -0.3939      2.486     -0.158      0.874      -5.285       4.497
pro_Edyta Sliwinska                              1.8905      1.722      1.098      0.273      -1.499       5.279
pro_Elena Grinenko                               5.3971      2.811      1.920      0.056      -0.135      10.929
pro_Emma Slater                                  0.1439      1.447      0.099      0.921      -2.703       2.990
pro_Emma Slater/Kaitlyn Bristowe (week 9)       -5.2119      3.879     -1.343      0.180     -12.846       2.422
pro_Ezra Sosa                                   10.0347      3.883      2.584      0.010       2.395      17.675
pro_Ezra Sosa (Apolo Anton Ohno week 9)         -4.8873      3.727     -1.311      0.191     -12.222       2.447
pro_Fabian Sanchez                               0.7786      3.678      0.212      0.832      -6.458       8.015
pro_Gleb Savchenko                               1.7623      1.475      1.195      0.233      -1.140       4.664
pro_Henry Byalikov                               2.5854      3.688      0.701      0.484      -4.672       9.843
pro_Inna Brayer                                  4.3538      3.684      1.182      0.238      -2.894      11.602
pro_Jan Ravnik                                   1.3338      3.732      0.357      0.721      -6.009       8.677
pro_Jenna Johnson                                0.0718      1.582      0.045      0.964      -3.041       3.184
pro_Jesse DeSoto                                 3.6236      3.839      0.944      0.346      -3.931      11.178
pro_Jonathan Roberts                             2.3365      1.981      1.179      0.239      -1.562       6.235
pro_Julianne Hough                              -0.7374      2.103     -0.351      0.726      -4.876       3.402
pro_Karina Smirnoff                              0.7212      1.531      0.471      0.638      -2.292       3.734
pro_Keo Motsepe                                  2.6360      1.657      1.591      0.113      -0.625       5.897
pro_Koko Iwasaki                                 2.6161      2.692      0.972      0.332      -2.680       7.912
pro_Kym Herjavec                                 1.3959      3.658      0.382      0.703      -5.803       8.595
pro_Kym Johnson                                 -0.1876      1.632     -0.115      0.909      -3.399       3.024
pro_Lacey Schwimmer                             -0.1190      1.947     -0.061      0.951      -3.951       3.713
pro_Lindsay Arnold                              -1.1617      1.590     -0.731      0.466      -4.290       1.967
pro_Louis van Amstel                             1.1365      1.673      0.679      0.497      -2.156       4.428
pro_Maksim Chmerkoskiy                           0.1662      1.529      0.109      0.914      -2.842       3.174
pro_Mark Ballas                                  0.0427      1.441      0.030      0.976      -2.793       2.878
pro_Nick Kosovich                                4.8272      2.817      1.714      0.088      -0.715      10.370
pro_Pasha Pashkov                                2.6749      1.725      1.550      0.122      -0.720       6.070
pro_Peta Murgatroyd                              0.6742      1.483      0.455      0.650      -2.244       3.593
pro_Rylee Arnold                                -0.0304      2.400     -0.013      0.990      -4.754       4.693
pro_Sasha Farber                                -0.2688      1.495     -0.180      0.857      -3.211       2.674
pro_Sharna Burgess                              -0.0617      1.515     -0.041      0.968      -3.043       2.920
pro_Tony Dovolani                                0.8682      1.509      0.575      0.565      -2.100       3.837
pro_Tristan MacManus                             0.4989      2.096      0.238      0.812      -3.625       4.622
pro_Tyne Stecklein                               2.6984      3.697      0.730      0.466      -4.576       9.973
pro_Val Chmerkovskiy                             1.2987      3.607      0.360      0.719      -5.799       8.397
pro_Val Chmerkovskiy (Joey Graziadei week 9)    -3.6382      3.892     -0.935      0.351     -11.296       4.020
pro_Valentin Chmerkovskiy                       -0.9039      1.390     -0.650      0.516      -3.639       1.831
pro_Witney Carson                               -0.9143      1.470     -0.622      0.534      -3.808       1.979
pro_Witney Carson (Xoshitl Gomez week 9)        -6.8931      4.514     -1.527      0.128     -15.775       1.989
sea_10                                           4.2031      1.911      2.200      0.029       0.443       7.963
sea_11                                           4.8333      1.909      2.532      0.012       1.077       8.590
sea_12                                           3.3401      1.932      1.728      0.085      -0.462       7.143
sea_13                                           4.8431      1.922      2.520      0.012       1.062       8.625
sea_14                                           4.4884      1.939      2.314      0.021       0.672       8.305
sea_15                                           5.5852      1.877      2.975      0.003       1.891       9.280
sea_16                                           5.0132      1.939      2.586      0.010       1.198       8.828
sea_17                                           4.5778      1.976      2.317      0.021       0.690       8.465
sea_18                                           4.4793      1.966      2.279      0.023       0.612       8.347
sea_19                                           4.5399      1.970      2.305      0.022       0.664       8.416
sea_2                                            1.0620      1.937      0.548      0.584      -2.749       4.873
sea_20                                           5.1129      1.948      2.624      0.009       1.279       8.947
sea_21                                           4.9947      1.937      2.578      0.010       1.183       8.807
sea_22                                           4.1769      1.950      2.142      0.033       0.339       8.014
sea_23                                           5.1527      1.953      2.639      0.009       1.310       8.995
sea_24                                           4.2067      1.992      2.111      0.036       0.286       8.127
sea_25                                           5.6955      1.951      2.920      0.004       1.857       9.534
sea_26                                           3.4130      2.071      1.648      0.100      -0.663       7.489
sea_27                                           5.1014      1.976      2.582      0.010       1.214       8.989
sea_28                                           3.8655      1.989      1.944      0.053      -0.048       7.779
sea_29                                           5.5996      1.960      2.857      0.005       1.743       9.457
sea_3                                            2.3312      1.912      1.220      0.224      -1.430       6.093
sea_30                                           6.2056      1.965      3.158      0.002       2.339      10.073
sea_31                                           5.5868      1.945      2.873      0.004       1.760       9.413
sea_32                                           4.2406      2.018      2.101      0.036       0.270       8.211
sea_33                                           3.6379      2.065      1.762      0.079      -0.425       7.700
sea_34                                           7.3540      2.225      3.305      0.001       2.976      11.732
sea_4                                            1.6176      1.924      0.841      0.401      -2.168       5.403
sea_5                                            4.3118      1.864      2.314      0.021       0.644       7.979
sea_6                                            4.2451      1.910      2.223      0.027       0.487       8.003
sea_7                                            4.7895      1.881      2.546      0.011       1.088       8.491
sea_8                                            5.2766      1.864      2.830      0.005       1.608       8.945
sea_9                                            6.0799      1.799      3.380      0.001       2.540       9.620
==============================================================================
Omnibus:                        0.994   Durbin-Watson:                   2.096
Prob(Omnibus):                  0.608   Jarque-Bera (JB):                0.895
Skew:                           0.112   Prob(JB):                        0.639
Kurtosis:                       3.031   Cond. No.                         94.1
==============================================================================

Notes:
[1] Standard Errors assume that the covariance matrix of the errors is correctly specified.