                            OLS Regression Results                            
==============================================================================
Dep. Variable:                      y   R-squared:                       0.469
Model:                            OLS   Adj. R-squared:                  0.274
Method:                 Least Squares   F-statistic:                     2.403
Date:                Sat, 31 Jan 2026   Prob (F-statistic):           1.20e-09
Time:                        13:08:36   Log-Likelihood:                -943.69
No. Observations:                 421   AIC:                             2115.
Df Residuals:                     307   BIC:                             2576.
Df Model:                         113                                         
Covariance Type:            nonrobust                                         
================================================================================================================
                                                   coef    std err          t      P>|t|      [0.025      0.975]
----------------------------------------------------------------------------------------------------------------
intercept                                        3.2121      2.531      1.269      0.205      -1.768       8.192
age                                             -1.2192      0.177     -6.881      0.000      -1.568      -0.871
ind_Athlete                                     -0.7105      0.430     -1.651      0.100      -1.557       0.136
ind_Comedian                                    -1.0282      0.935     -1.099      0.273      -2.869       0.812
ind_Entrepreneur                                -0.0523      1.491     -0.035      0.972      -2.986       2.881
ind_Model                                       -2.9563      0.861     -3.434      0.001      -4.650      -1.262
ind_News Anchor                                 -0.4376      1.788     -0.245      0.807      -3.956       3.081
ind_Other                                        0.8833      0.960      0.920      0.358      -1.005       2.772
ind_Politician                                  -1.6242      1.688     -0.962      0.337      -4.946       1.697
ind_Racing Driver                               -0.1508      1.565     -0.096      0.923      -3.231       2.929
ind_Radio Personality                           -3.3546      1.557     -2.155      0.032      -6.417      -0.292
ind_Singer/Rapper                               -0.3936      0.463     -0.850      0.396      -1.304       0.517
ind_Social Media Personality                    -0.3373      1.079     -0.312      0.755      -2.461       1.787
ind_TV Personality                              -0.2237      0.470     -0.476      0.634      -1.148       0.700
reg_Canada                                       3.6997      2.046      1.808      0.072      -0.326       7.725
reg_Chile                                        1.6687      2.711      0.615      0.539      -3.666       7.004
reg_Czechoslovakia                               0.5494      2.610      0.210      0.833      -4.587       5.686
reg_England                                      2.4854      1.983      1.253      0.211      -1.417       6.387
reg_Italy                                       -0.5588      2.459     -0.227      0.820      -5.397       4.280
reg_Mexico                                      -0.1690      2.461     -0.069      0.945      -5.011       4.673
reg_Other                                        2.9791      1.902      1.566      0.118      -0.764       6.722
reg_United States                                2.2846      1.782      1.282      0.201      -1.223       5.792
pro_Alan Bersten (Rashad Jennings week 9)        6.6572      3.056      2.178      0.030       0.643      12.671
pro_Alec Mazo                                   -1.5515      1.730     -0.897      0.371      -4.956       1.853
pro_Allison Holker                              -0.2162      1.715     -0.126      0.900      -3.591       3.159
pro_Andrea Hale                                 -6.5046      3.218     -2.021      0.044     -12.837      -0.172
pro_Anna Demidova                                1.9392      2.997      0.647      0.518      -3.958       7.837
pro_Anna Trebunskaya                            -0.7191      1.386     -0.519      0.604      -3.446       2.008
pro_Artem Chigvintsev                            0.6699      1.239      0.541      0.589      -1.769       3.108
pro_Ashly DelGrosso                             -1.9263      1.860     -1.036      0.301      -5.586       1.733
pro_Brandon Armstrong                           -1.3981      1.338     -1.045      0.297      -4.031       1.235
pro_Brian Fortuna                               -7.6579      3.191     -2.400      0.017     -13.936      -1.380
pro_Britt Stewart                               -0.8634      1.483     -0.582      0.561      -3.782       2.055
pro_Charlotte Jorgensen                          1.4965      3.203      0.467      0.641      -4.806       7.799
pro_Chelsie Hightower                           -0.7206      1.514     -0.476      0.634      -3.700       2.259
pro_Cheryl Burke                                 1.3048      1.160      1.125      0.262      -0.978       3.587
pro_Corky Ballas                                 3.0241      2.360      1.281      0.201      -1.620       7.668
pro_Damian Whitewood                             2.1962      3.294      0.667      0.505      -4.286       8.678
pro_Daniella Karagach                            1.6558      1.539      1.076      0.283      -1.373       4.684
pro_Daniella Karagach (Rumer Willis week 9)      4.9323      3.056      1.614      0.108      -1.082      10.947
pro_Derek Hough                                  2.9186      1.245      2.345      0.020       0.470       5.368
pro_Dmitry Chaplin                               0.5205      2.035      0.256      0.798      -3.485       4.526
pro_Edyta Sliwinska                             -0.8993      1.410     -0.638      0.524      -3.674       1.876
pro_Elena Grinenko                              -4.4327      2.302     -1.925      0.055      -8.963       0.097
pro_Emma Slater                                  0.6062      1.185      0.512      0.609      -1.725       2.937
pro_Emma Slater/Kaitlyn Bristowe (week 9)        6.0397      3.177      1.901      0.058      -0.211      12.291
pro_Ezra Sosa                                   -6.9126      3.180     -2.174      0.030     -13.169      -0.656
pro_Ezra Sosa (Apolo Anton Ohno week 9)          4.6220      3.052      1.514      0.131      -1.384      10.628
pro_Fabian Sanchez                              -0.3748      3.011     -0.124      0.901      -6.301       5.551
pro_Gleb Savchenko                              -0.6847      1.208     -0.567      0.571      -3.061       1.692
pro_Henry Byalikov                              -1.8976      3.020     -0.628      0.530      -7.841       4.046
pro_Inna Brayer                                 -4.0479      3.016     -1.342      0.181      -9.983       1.888
pro_Jan Ravnik                                   0.3123      3.056      0.102      0.919      -5.701       6.325
pro_Jenna Johnson                               -0.4498      1.295     -0.347      0.729      -2.998       2.099
pro_Jesse DeSoto                                -3.0173      3.144     -0.960      0.338      -9.204       3.169
pro_Jonathan Roberts                            -1.2709      1.622     -0.783      0.434      -4.463       1.922
pro_Julianne Hough                               1.1604      1.723      0.674      0.501      -2.229       4.550
pro_Karina Smirnoff                             -0.1764      1.254     -0.141      0.888      -2.644       2.291
pro_Keo Motsepe                                 -1.8008      1.357     -1.327      0.185      -4.471       0.869
pro_Koko Iwasaki                                -1.9365      2.204     -0.879      0.380      -6.274       2.401
pro_Kym Herjavec                                -0.6242      2.996     -0.208      0.835      -6.519       5.271
pro_Kym Johnson                                  0.4835      1.337      0.362      0.718      -2.147       3.114
pro_Lacey Schwimmer                              0.6198      1.595      0.389      0.698      -2.518       3.757
pro_Lindsay Arnold                               1.6751      1.302      1.287      0.199      -0.887       4.237
pro_Louis van Amstel                            -0.3657      1.370     -0.267      0.790      -3.061       2.330
pro_Maksim Chmerkoskiy                           0.4749      1.252      0.379      0.705      -1.988       2.938
pro_Mark Ballas                                  0.2343      1.180      0.199      0.843      -2.088       2.556
pro_Nick Kosovich                               -3.9874      2.307     -1.729      0.085      -8.526       0.551
pro_Pasha Pashkov                               -1.1582      1.413     -0.820      0.413      -3.938       1.622
pro_Peta Murgatroyd                              0.0937      1.215      0.077      0.939      -2.296       2.484
pro_Rylee Arnold                                 1.3939      1.966      0.709      0.479      -2.474       5.262
pro_Sasha Farber                                 1.2527      1.225      1.023      0.307      -1.157       3.662
pro_Sharna Burgess                               0.6244      1.241      0.503      0.615      -1.817       3.066
pro_Tony Dovolani                               -0.3551      1.235     -0.287      0.774      -2.786       2.076
pro_Tristan MacManus                            -0.0963      1.716     -0.056      0.955      -3.473       3.280
pro_Tyne Stecklein                              -2.7567      3.027     -0.911      0.363      -8.714       3.200
pro_Val Chmerkovskiy                            -0.5169      2.954     -0.175      0.861      -6.329       5.295
pro_Val Chmerkovskiy (Joey Graziadei week 9)     3.0282      3.187      0.950      0.343      -3.243       9.299
pro_Valentin Chmerkovskiy                        1.0259      1.138      0.901      0.368      -1.214       3.266
pro_Witney Carson                                1.1416      1.204      0.948      0.344      -1.228       3.511
pro_Witney Carson (Xoshitl Gomez week 9)         5.1357      3.696      1.389      0.166      -2.138      12.409
sea_10                                           1.1330      1.565      0.724      0.470      -1.946       4.212
sea_11                                           0.5377      1.563      0.344      0.731      -2.539       3.614
sea_12                                           1.9571      1.582      1.237      0.217      -1.157       5.071
sea_13                                           0.4817      1.574      0.306      0.760      -2.615       3.578
sea_14                                           1.3877      1.588      0.874      0.383      -1.737       4.513
sea_15                                           0.5328      1.537      0.347      0.729      -2.492       3.558
sea_16                                           1.1425      1.588      0.720      0.472      -1.982       4.267
sea_17                                           2.0969      1.618      1.296      0.196      -1.087       5.280
sea_18                                           1.3447      1.610      0.835      0.404      -1.823       4.512
sea_19                                           2.2038      1.613      1.366      0.173      -0.970       5.378
sea_2                                            1.7635      1.586      1.112      0.267      -1.357       4.884
sea_20                                           0.8795      1.596      0.551      0.582      -2.260       4.019
sea_21                                           1.7704      1.586      1.116      0.265      -1.351       4.892
sea_22                                           1.7810      1.597      1.115      0.266      -1.361       4.923
sea_23                                           1.8242      1.599      1.141      0.255      -1.322       4.971
sea_24                                           1.3607      1.631      0.834      0.405      -1.850       4.571
sea_25                                           0.8826      1.597      0.553      0.581      -2.261       4.026
sea_26                                          -2.6453      1.696     -1.560      0.120      -5.983       0.692
sea_27                                           0.7744      1.618      0.479      0.633      -2.409       3.958
sea_28                                           2.6070      1.628      1.601      0.110      -0.597       5.811
sea_29                                           2.4970      1.605      1.556      0.121      -0.661       5.656
sea_3                                            1.7872      1.565      1.142      0.254      -1.293       4.867
sea_30                                           1.3338      1.609      0.829      0.408      -1.833       4.500
sea_31                                           1.7657      1.592      1.109      0.268      -1.368       4.899
sea_32                                           2.6436      1.652      1.600      0.111      -0.608       5.895
sea_33                                           1.3257      1.691      0.784      0.434      -2.001       4.652
sea_34                                           0.2821      1.822      0.155      0.877      -3.303       3.867
sea_4                                            3.3225      1.575      2.109      0.036       0.223       6.422
sea_5                                            1.0370      1.526      0.679      0.497      -1.966       4.040
sea_6                                            1.1627      1.564      0.743      0.458      -1.915       4.240
sea_7                                            0.5443      1.540      0.353      0.724      -2.487       3.575
sea_8                                            1.3176      1.527      0.863      0.389      -1.686       4.322
sea_9                                            0.6478      1.473      0.440      0.660      -2.251       3.546
==============================================================================
Omnibus:                        8.577   Durbin-Watson:                   2.117
Prob(Omnibus):                  0.014   Jarque-Bera (JB):                8.789
Skew:                          -0.353   Prob(JB):                       0.0123
Kurtosis:                       2.964   Cond. No.                         94.1
==============================================================================

Notes:
[1] Standard Errors assume that the covariance matrix of the errors is correctly specified.